-1501 	-994.8 	0 	1.00215 	-3.51055e-05 	0
-1501 	-985.9 	0 	1.00215 	-0.000105292 	0
-1501 	-976.5 	0 	1.00214 	-0.000175405 	0
-1501 	-967.1 	0 	1.00214 	-0.000245395 	0
-1501 	-957.7 	0 	1.00213 	-0.000315213 	0
-1501 	-948.3 	0 	1.00212 	-0.000384811 	0
-1501 	-938.9 	0 	1.00211 	-0.000454139 	0
-1501 	-929.5 	0 	1.0021 	-0.000523148 	0
-1501 	-920.1 	0 	1.00209 	-0.000591789 	0
-1501 	-910.7 	0 	1.00207 	-0.000660014 	0
-1501 	-901.3 	0 	1.00206 	-0.000727773 	0
-1501 	-891.9 	0 	1.00204 	-0.000795019 	0
-1501 	-882.5 	0 	1.00202 	-0.000861702 	0
-1501 	-873.1 	0 	1.002 	-0.000927774 	0
-1501 	-863.7 	0 	1.00197 	-0.000993187 	0
-1501 	-854.3 	0 	1.00195 	-0.00105789 	0
-1501 	-844.9 	0 	1.00192 	-0.00112184 	0
-1501 	-835.5 	0 	1.0019 	-0.00118499 	0
-1501 	-826.1 	0 	1.00187 	-0.00124728 	0
-1501 	-816.7 	0 	1.00184 	-0.00130868 	0
-1501 	-807.3 	0 	1.00181 	-0.00136913 	0
-1501 	-797.9 	0 	1.00177 	-0.00142858 	0
-1501 	-788.5 	0 	1.00174 	-0.001487 	0
-1501 	-779.1 	0 	1.0017 	-0.00154433 	0
-1501 	-769.7 	0 	1.00166 	-0.00160053 	0
-1501 	-760.3 	0 	1.00162 	-0.00165554 	0
-1501 	-750.9 	0 	1.00158 	-0.00170934 	0
-1501 	-741.5 	0 	1.00154 	-0.00176186 	0
-1501 	-732.1 	0 	1.0015 	-0.00181307 	0
-1501 	-722.7 	0 	1.00145 	-0.00186292 	0
-1501 	-713.3 	0 	1.00141 	-0.00191137 	0
-1501 	-703.9 	0 	1.00136 	-0.00195838 	0
-1501 	-694.5 	0 	1.00131 	-0.00200389 	0
-1501 	-685.1 	0 	1.00126 	-0.00204788 	0
-1501 	-675.7 	0 	1.00121 	-0.00209029 	0
-1501 	-666.3 	0 	1.00116 	-0.00213109 	0
-1501 	-656.9 	0 	1.00111 	-0.00217023 	0
-1501 	-647.5 	0 	1.00105 	-0.00220769 	0
-1501 	-638.1 	0 	1.001 	-0.00224341 	0
-1501 	-628.7 	0 	1.00094 	-0.00227736 	0
-1501 	-619.3 	0 	1.00088 	-0.00230951 	0
-1501 	-609.9 	0 	1.00083 	-0.00233982 	0
-1501 	-600.5 	0 	1.00077 	-0.00236825 	0
-1501 	-591.1 	0 	1.00071 	-0.00239477 	0
-1501 	-581.7 	0 	1.00065 	-0.00241935 	0
-1501 	-572.3 	0 	1.00059 	-0.00244195 	0
-1501 	-562.9 	0 	1.00052 	-0.00246255 	0
-1501 	-553.5 	0 	1.00046 	-0.00248111 	0
-1501 	-544.1 	0 	1.0004 	-0.00249761 	0
-1501 	-534.7 	0 	1.00033 	-0.00251203 	0
-1501 	-525.3 	0 	1.00027 	-0.00252433 	0
-1501 	-515.9 	0 	1.0002 	-0.00253449 	0
-1501 	-506.5 	0 	1.00014 	-0.0025425 	0
-1501 	-497.1 	0 	1.00007 	-0.00254833 	0
-1501 	-487.7 	0 	1.00001 	-0.00255196 	0
-1501 	-478.3 	0 	0.999943 	-0.00255338 	0
-1501 	-468.9 	0 	0.999877 	-0.00255257 	0
-1501 	-459.5 	0 	0.999811 	-0.00254952 	0
-1501 	-450.1 	0 	0.999744 	-0.00254422 	0
-1501 	-440.7 	0 	0.999678 	-0.00253665 	0
-1501 	-431.3 	0 	0.999612 	-0.00252682 	0
-1501 	-421.9 	0 	0.999546 	-0.00251472 	0
-1501 	-412.5 	0 	0.99948 	-0.00250034 	0
-1501 	-403.1 	0 	0.999414 	-0.00248368 	0
-1501 	-393.7 	0 	0.999349 	-0.00246476 	0
-1501 	-384.3 	0 	0.999284 	-0.00244356 	0
-1501 	-374.9 	0 	0.999219 	-0.00242009 	0
-1501 	-365.5 	0 	0.999155 	-0.00239438 	0
-1501 	-356.1 	0 	0.999091 	-0.00236642 	0
-1501 	-346.7 	0 	0.999029 	-0.00233623 	0
-1501 	-337.3 	0 	0.998966 	-0.00230383 	0
-1501 	-327.9 	0 	0.998905 	-0.00226923 	0
-1501 	-318.5 	0 	0.998844 	-0.00223246 	0
-1501 	-309.1 	0 	0.998785 	-0.00219355 	0
-1501 	-299.7 	0 	0.998726 	-0.00215251 	0
-1501 	-290.3 	0 	0.998668 	-0.00210937 	0
-1501 	-280.9 	0 	0.998612 	-0.00206418 	0
-1501 	-271.5 	0 	0.998556 	-0.00201696 	0
-1501 	-262.1 	0 	0.998502 	-0.00196776 	0
-1501 	-252.7 	0 	0.998449 	-0.0019166 	0
-1501 	-243.3 	0 	0.998397 	-0.00186354 	0
-1501 	-233.9 	0 	0.998347 	-0.00180861 	0
-1501 	-224.5 	0 	0.998298 	-0.00175187 	0
-1501 	-215.1 	0 	0.99825 	-0.00169337 	0
-1501 	-205.7 	0 	0.998205 	-0.00163315 	0
-1501 	-196.3 	0 	0.99816 	-0.0015715 	0
-1501 	-186.9 	0 	0.998118 	-0.00150692 	0
-1501 	-177.5 	0 	0.998077 	-0.00144508 	0
-1501 	-168.1 	0 	0.998038 	-0.00137246 	0
-1501 	-158.7 	0 	0.998002 	-0.00131435 	0
-1501 	-149.3 	0 	0.997964 	-0.001231 	0
-1501 	-139.9 	0 	0.997934 	-0.00117931 	0
-1501 	-130.5 	0 	0.997898 	-0.00108357 	0
-1501 	-121.1 	0 	0.997875 	-0.00104005 	0
-1501 	-111.7 	0 	0.997839 	-0.000931149 	0
-1501 	-102.3 	0 	0.997824 	-0.00089683 	0
-1501 	-92.9 	0 	0.997788 	-0.000774621 	0
-1501 	-83.5 	0 	0.997782 	-0.000749982 	0
-1501 	-74.1 	0 	0.997745 	-0.000614846 	0
-1501 	-64.7 	0 	0.99775 	-0.000599912 	0
-1501 	-59.94 	0 	0.99773 	-0.000525372 	5.11092e-23
-1501 	-59.82 	0 	0.99773 	-0.000525298 	-1.7422e-23
-1501 	-59.7 	0 	0.997729 	-0.000523497 	5.11047e-23
-1501 	-59.58 	0 	0.997729 	-0.000523273 	-1.99826e-23
-1501 	-59.46 	0 	0.997728 	-0.000521613 	-2.86168e-23
-1501 	-59.34 	0 	0.997728 	-0.000521256 	5.10975e-23
-1501 	-59.22 	0 	0.997727 	-0.00051972 	1.42137e-23
-1501 	-59.1 	0 	0.997727 	-0.000519245 	-1.9979e-23
-1501 	-58.98 	0 	0.997727 	-0.000517819 	5.10903e-23
-1501 	-58.86 	0 	0.997726 	-0.00051724 	-1.74155e-23
-1501 	-58.74 	0 	0.997726 	-0.00051591 	-3.11703e-23
-1501 	-58.62 	0 	0.997725 	-0.000515241 	6.22767e-23
-1501 	-58.5 	0 	0.997725 	-0.000513993 	-2.86061e-23
-1501 	-58.38 	0 	0.997725 	-0.000513248 	6.22708e-23
-1501 	-58.26 	0 	0.997724 	-0.000512069 	6.22906e-23
-1501 	-58.14 	0 	0.997724 	-0.000511261 	-1.74106e-23
-1501 	-58.02 	0 	0.997723 	-0.000510137 	5.10712e-23
-1501 	-57.9 	0 	0.997723 	-0.00050928 	6.22591e-23
-1501 	-57.78 	0 	0.997722 	-0.000508198 	-1.73855e-23
-1501 	-57.66 	0 	0.997722 	-0.000507303 	6.22533e-23
-1501 	-57.54 	0 	0.997722 	-0.000506253 	-2.85953e-23
-1501 	-57.42 	0 	0.997721 	-0.000505329 	3.67669e-24
-1501 	-57.3 	0 	0.997721 	-0.000504302 	1.20932e-22
-1501 	-57.18 	0 	0.99772 	-0.000503359 	-2.85913e-23
-1501 	-57.06 	0 	0.99772 	-0.000502348 	-3.11503e-23
-1501 	-56.94 	0 	0.99772 	-0.00050139 	6.22358e-23
-1501 	-56.82 	0 	0.997719 	-0.00050039 	-2.85873e-23
-1501 	-56.7 	0 	0.997719 	-0.000499422 	-1.99609e-23
-1501 	-56.58 	0 	0.997718 	-0.00049843 	5.10424e-23
-1501 	-56.46 	0 	0.997718 	-0.000497455 	-1.73992e-23
-1501 	-56.34 	0 	0.997718 	-0.000496467 	5.10376e-23
-1501 	-56.22 	0 	0.997717 	-0.000495488 	-6.19185e-24
-1501 	-56.1 	0 	0.997717 	-0.000494503 	5.10329e-23
-1501 	-55.98 	0 	0.997716 	-0.00049352 	6.22124e-23
-1501 	-55.86 	0 	0.997716 	-0.000492538 	-2.85766e-23
-1501 	-55.74 	0 	0.997716 	-0.000491552 	-1.99537e-23
-1501 	-55.62 	0 	0.997715 	-0.000490571 	5.10233e-23
-1501 	-55.5 	0 	0.997715 	-0.000489583 	1.41929e-23
-1501 	-55.38 	0 	0.997714 	-0.000488603 	6.21978e-23
-1501 	-55.26 	0 	0.997714 	-0.000487613 	-3.11288e-23
-1501 	-55.14 	0 	0.997714 	-0.000486634 	-1.73903e-23
-1501 	-55.02 	0 	0.997713 	-0.000485642 	5.10113e-23
-1501 	-54.9 	0 	0.997713 	-0.000484664 	6.21861e-23
-1501 	-54.78 	0 	0.997712 	-0.000483671 	-1.7365e-23
-1501 	-54.66 	0 	0.997712 	-0.000482692 	5.10041e-23
-1501 	-54.54 	0 	0.997712 	-0.000481699 	-1.73862e-23
-1501 	-54.42 	0 	0.997711 	-0.00048072 	-3.11188e-23
-1501 	-54.3 	0 	0.997711 	-0.000479726 	6.21715e-23
-1501 	-54.18 	0 	0.99771 	-0.000478746 	-2.85578e-23
-1501 	-54.06 	0 	0.99771 	-0.000477752 	6.21656e-23
-1501 	-53.94 	0 	0.99771 	-0.000476772 	6.21856e-23
-1501 	-53.82 	0 	0.997709 	-0.000475778 	-1.73813e-23
-1501 	-53.7 	0 	0.997709 	-0.000474796 	3.67147e-24
-1501 	-53.58 	0 	0.997708 	-0.000473802 	5.09825e-23
-1501 	-53.46 	0 	0.997708 	-0.000472819 	-6.18511e-24
-1501 	-53.34 	0 	0.997708 	-0.000471827 	5.09777e-23
-1501 	-53.22 	0 	0.997707 	-0.000470842 	-1.73772e-23
-1501 	-53.1 	0 	0.997707 	-0.000469849 	5.09729e-23
-1501 	-52.98 	0 	0.997706 	-0.000468865 	-1.99329e-23
-1501 	-52.86 	0 	0.997706 	-0.000467869 	-2.8543e-23
-1501 	-52.74 	0 	0.997706 	-0.000466888 	6.21335e-23
-1501 	-52.62 	0 	0.997705 	-0.000465885 	5.09633e-23
-1501 	-52.5 	0 	0.997705 	-0.000464914 	-6.18276e-24
-1501 	-52.38 	0 	0.997704 	-0.000463897 	5.09585e-23
-1501 	-52.26 	0 	0.997704 	-0.000462944 	6.21218e-23
-1501 	-52.14 	0 	0.997704 	-0.000461901 	-1.7347e-23
-1501 	-52.02 	0 	0.997703 	-0.000460983 	5.09514e-23
-1501 	-51.9 	0 	0.997703 	-0.000459889 	6.2113e-23
-1501 	-51.78 	0 	0.997702 	-0.000459039 	1.41721e-23
-1501 	-51.66 	0 	0.997702 	-0.000457855 	6.21301e-23
-1501 	-51.54 	0 	0.997702 	-0.000457123 	-1.73658e-23
-1501 	-51.42 	0 	0.997701 	-0.000455784 	5.09394e-23
-1501 	-51.3 	0 	0.997701 	-0.000455251 	6.20984e-23
-1501 	-51.18 	0 	0.9977 	-0.000453656 	-1.73404e-23
-1501 	-51.06 	0 	0.9977 	-0.000453446 	6.20925e-23
-1501 	-50.94 	0 	0.9977 	-0.000451446 	5.09298e-23
-1501 	-50.82 	0 	0.997699 	-0.00045174 	-1.73609e-23
-1501 	-50.7 	0 	0.997699 	-0.00044912 	1.09462e-22
-1501 	-50.58 	0 	0.997699 	-0.000450169 	6.20808e-23
-1501 	-50.46 	0 	0.997698 	-0.000446638 	-1.73355e-23
-1501 	-50.34 	0 	0.997698 	-0.00044878 	6.20749e-23
-1501 	-50.22 	0 	0.997697 	-0.000443953 	-2.85135e-23
-1501 	-50.1 	0 	0.997697 	-0.000447625 	6.20691e-23
-1501 	-49.98 	0 	0.997697 	-0.000441017 	1.48449e-23
-1501 	-49.86 	0 	0.997696 	-0.000446757 	-2.85094e-23
-1501 	-49.74 	0 	0.997696 	-0.000437776 	5.09058e-23
-1501 	-49.62 	0 	0.997695 	-0.000446236 	7.32344e-23
-1501 	-49.5 	0 	0.997695 	-0.000434179 	-2.85055e-23
-1501 	-49.38 	0 	0.997695 	-0.000446118 	6.20515e-23
-1501 	-49.26 	0 	0.997694 	-0.000430176 	5.08962e-23
-1501 	-49.14 	0 	0.997694 	-0.000446463 	-6.17454e-24
-1501 	-49.02 	0 	0.997693 	-0.000425718 	5.08915e-23
-1501 	-48.9 	0 	0.997693 	-0.000447338 	6.20397e-23
-1501 	-48.78 	0 	0.997693 	-0.000420746 	-2.84974e-23
-1501 	-48.66 	0 	0.997692 	-0.000448914 	-1.99002e-23
-1501 	-48.54 	0 	0.997692 	-0.000415125 	-2.84947e-23
-1501 	-48.42 	0 	0.997692 	-0.000451067 	6.2028e-23
-1501 	-48.3 	0 	0.997691 	-0.000408972 	5.08771e-23
-1501 	-48.18 	0 	0.997691 	-0.000453339 	-6.17219e-24
-1501 	-48.06 	0 	0.99769 	-0.000402696 	3.66356e-24
-1501 	-47.94 	0 	0.99769 	-0.000455516 	-3.66357e-24
-1501 	-47.82 	0 	0.997691 	-0.000404423 	6.17224e-24
-1501 	-47.7 	0 	0.99769 	-0.000449673 	-5.08778e-23
-1501 	-47.58 	0 	0.997691 	-0.00040605 	-6.20293e-23
-1501 	-47.46 	0 	0.997691 	-0.000443535 	2.84955e-23
-1501 	-47.34 	0 	0.997691 	-0.000407955 	-7.32091e-23
-1501 	-47.22 	0 	0.997691 	-0.000437751 	2.84985e-23
-1501 	-47.1 	0 	0.997691 	-0.000409461 	-6.20425e-23
-1501 	-46.98 	0 	0.997691 	-0.000432579 	-5.0894e-23
-1501 	-46.86 	0 	0.997691 	-0.000410304 	6.17487e-24
-1501 	-46.74 	0 	0.997691 	-0.000427913 	-5.08994e-23
-1501 	-46.62 	0 	0.997691 	-0.000410621 	-6.20557e-23
-1501 	-46.5 	0 	0.997691 	-0.000423702 	2.85076e-23
-1501 	-46.38 	0 	0.997691 	-0.000410473 	1.99093e-23
-1501 	-46.26 	0 	0.997691 	-0.000419899 	-5.09102e-23
-1501 	-46.14 	0 	0.997692 	-0.000409918 	2.8512e-23
-1501 	-46.02 	0 	0.997692 	-0.000416455 	7.83181e-23
-1501 	-45.9 	0 	0.997692 	-0.000409011 	-6.20754e-23
-1501 	-45.78 	0 	0.997692 	-0.00041332 	2.85166e-23
-1501 	-45.66 	0 	0.997692 	-0.000407808 	-6.2082e-23
-1501 	-45.54 	0 	0.997692 	-0.000410443 	1.73375e-23
-1501 	-45.42 	0 	0.997692 	-0.000406363 	-6.20886e-23
-1501 	-45.3 	0 	0.997692 	-0.000407776 	-1.09476e-22
-1501 	-45.18 	0 	0.997692 	-0.000404726 	1.73633e-23
-1501 	-45.06 	0 	0.997692 	-0.000405274 	-5.09371e-23
-1501 	-44.94 	0 	0.997692 	-0.000402941 	-6.21018e-23
-1501 	-44.82 	0 	0.997692 	-0.000402896 	1.73431e-23
-1501 	-44.7 	0 	0.997693 	-0.000401048 	-6.21084e-23
-1501 	-44.58 	0 	0.997693 	-0.00040061 	-5.09479e-23
-1501 	-44.46 	0 	0.997693 	-0.000399078 	1.73688e-23
-1501 	-44.34 	0 	0.997693 	-0.000398388 	3.1092e-23
-1501 	-44.22 	0 	0.997693 	-0.000397055 	-1.41746e-23
-1501 	-44.1 	0 	0.997693 	-0.00039621 	-6.21248e-23
-1501 	-43.98 	0 	0.997693 	-0.000394997 	-5.09614e-23
-1501 	-43.86 	0 	0.997693 	-0.000394059 	1.73504e-23
-1501 	-43.74 	0 	0.997693 	-0.000392917 	-6.21347e-23
-1501 	-43.62 	0 	0.997693 	-0.000391926 	-5.09695e-23
-1501 	-43.5 	0 	0.997694 	-0.000390824 	6.18407e-24
-1501 	-43.38 	0 	0.997694 	-0.000389803 	-5.09749e-23
-1501 	-43.26 	0 	0.997694 	-0.000388723 	-6.21478e-23
-1501 	-43.14 	0 	0.997694 	-0.000387687 	2.85498e-23
-1501 	-43.02 	0 	0.997694 	-0.000386618 	-7.33489e-23
-1501 	-42.9 	0 	0.997694 	-0.000385574 	-5.09856e-23
-1501 	-42.78 	0 	0.997694 	-0.00038451 	1.73817e-23
-1501 	-42.66 	0 	0.997694 	-0.000383463 	-5.0991e-23
-1501 	-42.54 	0 	0.997694 	-0.000382401 	6.18669e-24
-1501 	-42.42 	0 	0.997694 	-0.000381353 	-5.09964e-23
-1501 	-42.3 	0 	0.997694 	-0.000380292 	-3.67262e-24
-1501 	-42.18 	0 	0.997695 	-0.000379244 	1.73863e-23
-1501 	-42.06 	0 	0.997695 	-0.000378183 	3.11231e-23
-1501 	-41.94 	0 	0.997695 	-0.000377134 	-6.2184e-23
-1501 	-41.82 	0 	0.997695 	-0.000376075 	2.85664e-23
-1501 	-41.7 	0 	0.997695 	-0.000375025 	-6.21906e-23
-1501 	-41.58 	0 	0.997695 	-0.000373966 	3.11296e-23
-1501 	-41.46 	0 	0.997695 	-0.000372915 	1.73918e-23
-1501 	-41.34 	0 	0.997695 	-0.000371859 	-5.10207e-23
-1501 	-41.22 	0 	0.997695 	-0.000370805 	1.73706e-23
-1501 	-41.1 	0 	0.997695 	-0.000369754 	-6.2207e-23
-1501 	-40.98 	0 	0.997696 	-0.000368692 	-5.10288e-23
-1501 	-40.86 	0 	0.997696 	-0.000367651 	1.73964e-23
-1501 	-40.74 	0 	0.997696 	-0.000366576 	-6.22399e-23
-1501 	-40.62 	0 	0.997696 	-0.000365554 	-6.22201e-23
-1501 	-40.5 	0 	0.997696 	-0.000364453 	-1.4198e-23
-1501 	-40.38 	0 	0.997696 	-0.000363465 	-5.10422e-23
-1501 	-40.26 	0 	0.997696 	-0.00036232 	1.99625e-23
-1501 	-40.14 	0 	0.997696 	-0.00036139 	2.85876e-23
-1501 	-40.02 	0 	0.997696 	-0.000360169 	-6.22366e-23
-1501 	-39.9 	0 	0.997697 	-0.000359337 	-5.1053e-23
-1501 	-39.78 	0 	0.997697 	-0.00035799 	6.19423e-24
-1501 	-39.66 	0 	0.997697 	-0.000357318 	-5.10584e-23
-1501 	-39.54 	0 	0.997697 	-0.00035577 	1.74065e-23
-1501 	-39.42 	0 	0.997697 	-0.000355351 	-5.10638e-23
-1501 	-39.3 	0 	0.997697 	-0.000353488 	1.99708e-23
-1501 	-39.18 	0 	0.997697 	-0.000353455 	2.85996e-23
-1501 	-39.06 	0 	0.997697 	-0.00035112 	-6.22629e-23
-1501 	-38.94 	0 	0.997697 	-0.000351658 	3.11655e-23
-1501 	-38.82 	0 	0.997697 	-0.000348637 	2.86042e-23
-1501 	-38.7 	0 	0.997698 	-0.000349992 	-1.20987e-22
-1501 	-38.58 	0 	0.997698 	-0.000346001 	-3.67858e-24
-1501 	-38.46 	0 	0.997698 	-0.000348492 	2.86087e-23
-1501 	-38.34 	0 	0.997698 	-0.000343173 	-6.22826e-23
-1501 	-38.22 	0 	0.997698 	-0.000347199 	1.73936e-23
-1501 	-38.1 	0 	0.997698 	-0.000340109 	-6.22892e-23
-1501 	-37.98 	0 	0.997698 	-0.000346152 	-5.10961e-23
-1501 	-37.86 	0 	0.997698 	-0.000336765 	1.74194e-23
-1501 	-37.74 	0 	0.997699 	-0.000345395 	3.11817e-23
-1501 	-37.62 	0 	0.997699 	-0.000333093 	-6.23023e-23
-1501 	-37.5 	0 	0.997699 	-0.000344969 	2.86207e-23
-1501 	-37.38 	0 	0.997699 	-0.000329041 	-6.23089e-23
-1501 	-37.26 	0 	0.997699 	-0.000344919 	3.11882e-23
-1501 	-37.14 	0 	0.997699 	-0.000324552 	1.74249e-23
-1501 	-37.02 	0 	0.997699 	-0.000345294 	-5.11176e-23
-1501 	-36.9 	0 	0.997699 	-0.000319545 	1.99916e-23
-1501 	-36.78 	0 	0.997699 	-0.000346152 	-1.42212e-23
-1501 	-36.66 	0 	0.997699 	-0.00031378 	-5.11258e-23
-1501 	-36.54 	0 	0.9977 	-0.000347724 	2.86327e-23
-1501 	-36.42 	0 	0.9977 	-0.000307831 	-7.35621e-23
-1501 	-36.3 	0 	0.9977 	-0.00034946 	-5.11337e-23
-1501 	-36.18 	0 	0.9977 	-0.00030181 	1.74322e-23
-1501 	-36.06 	0 	0.9977 	-0.000351265 	-5.11391e-23
-1501 	-35.94 	0 	0.9977 	-0.000295606 	-1.05556e-23
-1501 	-35.82 	0 	0.9977 	-0.000345981 	1.43305e-22
-1501 	-35.7 	0 	0.997699 	-0.000297051 	-1.05543e-23
-1501 	-35.58 	0 	0.997698 	-0.000340531 	3.54565e-23
-1501 	-35.46 	0 	0.997699 	-0.000298656 	-2.11996e-23
-1501 	-35.34 	0 	0.997698 	-0.000334924 	-1.05523e-23
-1501 	-35.22 	0 	0.997698 	-0.000300074 	-6.40455e-23
-1501 	-35.1 	0 	0.997697 	-0.000329541 	-1.15307e-22
-1501 	-34.98 	0 	0.997697 	-0.000301039 	3.53514e-23
-1501 	-34.86 	0 	0.997696 	-0.000324647 	-2.11052e-23
-1501 	-34.74 	0 	0.997696 	-0.000301583 	-1.05489e-23
-1501 	-34.62 	0 	0.997695 	-0.00032019 	1.17465e-22
-1501 	-34.5 	0 	0.997695 	-0.00030174 	1.82611e-23
-1501 	-34.38 	0 	0.997695 	-0.000316128 	-1.05469e-23
-1501 	-34.26 	0 	0.997694 	-0.000301541 	3.53385e-23
-1501 	-34.14 	0 	0.997694 	-0.000312423 	-6.40104e-23
-1501 	-34.02 	0 	0.997694 	-0.00030102 	-1.51533e-22
-1501 	-33.9 	0 	0.997693 	-0.000309036 	-1.05442e-23
-1501 	-33.78 	0 	0.997693 	-0.000300213 	1.43155e-22
-1501 	-33.66 	0 	0.997692 	-0.000305927 	9.39215e-23
-1501 	-33.54 	0 	0.997692 	-0.000299155 	-6.39906e-23
-1501 	-33.42 	0 	0.997691 	-0.000303058 	1.17393e-22
-1501 	-33.3 	0 	0.997691 	-0.000297883 	3.54159e-23
-1501 	-33.18 	0 	0.997691 	-0.000300389 	-6.39789e-23
-1501 	-33.06 	0 	0.99769 	-0.000296432 	-1.15187e-22
-1501 	-32.94 	0 	0.99769 	-0.000297885 	3.5315e-23
-1501 	-32.82 	0 	0.99769 	-0.000294836 	-6.39671e-23
-1501 	-32.7 	0 	0.997689 	-0.000295512 	-1.05374e-23
-1501 	-32.58 	0 	0.997689 	-0.000293123 	1.63282e-22
-1501 	-32.46 	0 	0.997688 	-0.000293242 	-6.39553e-23
-1501 	-32.34 	0 	0.997688 	-0.00029132 	-1.07509e-23
-1501 	-32.22 	0 	0.997688 	-0.000291049 	-6.39475e-23
-1501 	-32.1 	0 	0.997687 	-0.00028945 	1.17313e-22
-1501 	-31.98 	0 	0.997687 	-0.000288912 	-1.05333e-23
-1501 	-31.86 	0 	0.997686 	-0.000287531 	6.77378e-24
-1501 	-31.74 	0 	0.997686 	-0.000286815 	-9.75102e-23
-1501 	-31.62 	0 	0.997686 	-0.000285577 	-3.76149e-23
-1501 	-31.5 	0 	0.997685 	-0.000284745 	-1.05306e-23
-1501 	-31.38 	0 	0.997685 	-0.000283598 	-9.76619e-23
-1501 	-31.26 	0 	0.997684 	-0.000282694 	-3.76082e-23
-1501 	-31.14 	0 	0.997684 	-0.000281603 	-3.7606e-23
-1501 	-31.02 	0 	0.997684 	-0.000280654 	3.51595e-23
-1501 	-30.9 	0 	0.997683 	-0.000279598 	-9.76382e-23
-1501 	-30.78 	0 	0.997683 	-0.000278621 	-3.75993e-23
-1501 	-30.66 	0 	0.997682 	-0.000277585 	-1.05259e-23
-1501 	-30.54 	0 	0.997682 	-0.000276591 	6.67681e-24
-1501 	-30.42 	0 	0.997682 	-0.000275568 	-3.75926e-23
-1501 	-30.3 	0 	0.997681 	-0.000274563 	8.88752e-23
-1501 	-30.18 	0 	0.997681 	-0.000273548 	-1.05232e-23
-1501 	-30.06 	0 	0.99768 	-0.000272535 	-9.75967e-23
-1501 	-29.94 	0 	0.99768 	-0.000271527 	-3.75836e-23
-1501 	-29.82 	0 	0.99768 	-0.000270506 	-1.05212e-23
-1501 	-29.7 	0 	0.997679 	-0.000269506 	-1.79491e-22
-1501 	-29.58 	0 	0.997679 	-0.000268474 	8.88422e-23
-1501 	-29.46 	0 	0.997679 	-0.000267487 	-3.75747e-23
-1501 	-29.34 	0 	0.997678 	-0.000266437 	3.52507e-23
-1501 	-29.22 	0 	0.997678 	-0.000265472 	-3.75702e-23
-1501 	-29.1 	0 	0.997677 	-0.000264393 	-3.7568e-23
-1501 	-28.98 	0 	0.997677 	-0.000263464 	-1.05165e-23
-1501 	-28.86 	0 	0.997677 	-0.000262338 	2.88354e-23
-1501 	-28.74 	0 	0.997676 	-0.000261467 	-3.75613e-23
-1501 	-28.62 	0 	0.997676 	-0.000260267 	-3.75591e-23
-1501 	-28.5 	0 	0.997675 	-0.000259488 	3.52357e-23
-1501 	-28.38 	0 	0.997675 	-0.000258172 	-3.75546e-23
-1501 	-28.26 	0 	0.997675 	-0.000257535 	-3.75523e-23
-1501 	-28.14 	0 	0.997674 	-0.000256044 	8.87764e-23
-1501 	-28.02 	0 	0.997674 	-0.000255619 	3.52271e-23
-1501 	-27.9 	0 	0.997674 	-0.000253871 	-3.75457e-23
-1501 	-27.78 	0 	0.997673 	-0.000253755 	-3.75434e-23
-1501 	-27.66 	0 	0.997673 	-0.000251636 	1.17047e-22
-1501 	-27.54 	0 	0.997672 	-0.00025196 	-3.75389e-23
-1501 	-27.42 	0 	0.997672 	-0.000249322 	-3.75367e-23
-1501 	-27.3 	0 	0.997672 	-0.000250256 	1.32936e-22
-1501 	-27.18 	0 	0.997671 	-0.000246905 	-1.05063e-23
-1501 	-27.06 	0 	0.997671 	-0.000248666 	-3.753e-23
-1501 	-26.94 	0 	0.99767 	-0.000244362 	-3.75278e-23
-1501 	-26.82 	0 	0.99767 	-0.000247216 	3.52056e-23
-1501 	-26.7 	0 	0.99767 	-0.000241668 	-3.75234e-23
-1501 	-26.58 	0 	0.997669 	-0.000245935 	8.8705e-23
-1501 	-26.46 	0 	0.997669 	-0.000238795 	-9.7419e-23
-1501 	-26.34 	0 	0.997669 	-0.000244851 	-1.05016e-23
-1501 	-26.22 	0 	0.997668 	-0.000235716 	-3.75144e-23
-1501 	-26.1 	0 	0.997668 	-0.000243993 	-3.75121e-23
-1501 	-25.98 	0 	0.997667 	-0.000232404 	3.51907e-23
-1501 	-25.86 	0 	0.997667 	-0.000243392 	8.86721e-23
-1501 	-25.74 	0 	0.997667 	-0.000228833 	-3.75055e-23
-1501 	-25.62 	0 	0.997666 	-0.000243075 	6.65676e-24
-1501 	-25.5 	0 	0.997666 	-0.000224979 	-1.04969e-23
-1501 	-25.38 	0 	0.997666 	-0.000243073 	-3.74987e-23
-1501 	-25.26 	0 	0.997665 	-0.000220815 	-3.74966e-23
-1501 	-25.14 	0 	0.997665 	-0.000243418 	2.87798e-23
-1501 	-25.02 	0 	0.997664 	-0.000216315 	-1.04942e-23
-1501 	-24.9 	0 	0.997664 	-0.000244159 	-3.74897e-23
-1501 	-24.78 	0 	0.997664 	-0.000211444 	-1.79042e-22
-1501 	-24.66 	0 	0.997663 	-0.000245396 	-1.04922e-23
-1501 	-24.54 	0 	0.997663 	-0.000206106 	-3.74832e-23
-1501 	-24.42 	0 	0.997663 	-0.000246717 	2.8769e-23
-1501 	-24.3 	0 	0.997662 	-0.000200695 	-1.19165e-22
-1501 	-24.18 	0 	0.997662 	-0.000248041 	-1.04895e-23
-1501 	-24.06 	0 	0.997661 	-0.000195277 	-3.74743e-23
-1501 	-23.94 	0 	0.997661 	-0.000249088 	3.74744e-23
-1501 	-23.82 	0 	0.997662 	-0.000196485 	1.04895e-23
-1501 	-23.7 	0 	0.997662 	-0.000243787 	1.19166e-22
-1501 	-23.58 	0 	0.997662 	-0.000197477 	-2.87693e-23
-1501 	-23.46 	0 	0.997662 	-0.000238347 	3.74838e-23
-1501 	-23.34 	0 	0.997663 	-0.000198606 	1.04923e-23
-1501 	-23.22 	0 	0.997663 	-0.000232952 	-6.65328e-24
-1501 	-23.1 	0 	0.997663 	-0.000199683 	3.74907e-23
-1501 	-22.98 	0 	0.997663 	-0.000227978 	1.04944e-23
-1501 	-22.86 	0 	0.997663 	-0.000200313 	-2.87805e-23
-1501 	-22.74 	0 	0.997664 	-0.000223389 	3.7498e-23
-1501 	-22.62 	0 	0.997664 	-0.000200534 	3.75002e-23
-1501 	-22.5 	0 	0.997664 	-0.000219137 	1.04972e-23
-1501 	-22.38 	0 	0.997664 	-0.000200409 	-6.6567e-24
-1501 	-22.26 	0 	0.997664 	-0.000215189 	3.75075e-23
-1501 	-22.14 	0 	0.997665 	-0.000199975 	-8.86759e-23
-1501 	-22.02 	0 	0.997665 	-0.000211519 	-3.51925e-23
-1501 	-21.9 	0 	0.997665 	-0.000199264 	3.75144e-23
-1501 	-21.78 	0 	0.997665 	-0.0002081 	3.75169e-23
-1501 	-21.66 	0 	0.997666 	-0.000198306 	1.05021e-23
-1501 	-21.54 	0 	0.997666 	-0.000204905 	9.74253e-23
-1501 	-21.42 	0 	0.997666 	-0.000197128 	-8.87104e-23
-1501 	-21.3 	0 	0.997666 	-0.000201909 	3.75263e-23
-1501 	-21.18 	0 	0.997667 	-0.000195761 	-3.52082e-23
-1501 	-21.06 	0 	0.997667 	-0.000199084 	3.75311e-23
-1501 	-20.94 	0 	0.997667 	-0.000194231 	3.75334e-23
-1501 	-20.82 	0 	0.997667 	-0.000196406 	1.05069e-23
-1501 	-20.7 	0 	0.997667 	-0.000192565 	5.3004e-23
-1501 	-20.58 	0 	0.997668 	-0.000193852 	3.75405e-23
-1501 	-20.46 	0 	0.997668 	-0.000190785 	3.75428e-23
-1501 	-20.34 	0 	0.997668 	-0.000191398 	-1.17058e-22
-1501 	-20.22 	0 	0.997668 	-0.000188915 	3.75476e-23
-1501 	-20.1 	0 	0.997669 	-0.000189026 	3.755e-23
-1501 	-19.98 	0 	0.997669 	-0.000186974 	-3.52308e-23
-1501 	-19.86 	0 	0.997669 	-0.000186717 	-8.87851e-23
-1501 	-19.74 	0 	0.997669 	-0.000184977 	3.7557e-23
-1501 	-19.62 	0 	0.99767 	-0.000184457 	3.75594e-23
-1501 	-19.5 	0 	0.99767 	-0.000182939 	-3.52398e-23
-1501 	-19.38 	0 	0.99767 	-0.000182235 	3.75642e-23
-1501 	-19.26 	0 	0.99767 	-0.000180871 	3.75665e-23
-1501 	-19.14 	0 	0.99767 	-0.000180039 	-2.88386e-23
-1501 	-19.02 	0 	0.997671 	-0.000178782 	1.05174e-23
-1501 	-18.9 	0 	0.997671 	-0.000177862 	3.75736e-23
-1501 	-18.78 	0 	0.997671 	-0.000176679 	3.7576e-23
-1501 	-18.66 	0 	0.997671 	-0.000175699 	-3.52556e-23
-1501 	-18.54 	0 	0.997672 	-0.000174566 	3.75807e-23
-1501 	-18.42 	0 	0.997672 	-0.000173544 	-8.88539e-23
-1501 	-18.3 	0 	0.997672 	-0.000172449 	-6.67318e-24
-1501 	-18.18 	0 	0.997672 	-0.000171393 	1.05223e-23
-1501 	-18.06 	0 	0.997673 	-0.000170331 	3.75902e-23
-1501 	-17.94 	0 	0.997673 	-0.000169244 	9.76121e-23
-1501 	-17.82 	0 	0.997673 	-0.000168216 	1.05244e-23
-1501 	-17.7 	0 	0.997673 	-0.000167092 	-8.88884e-23
-1501 	-17.58 	0 	0.997674 	-0.000166106 	3.75996e-23
-1501 	-17.46 	0 	0.997674 	-0.000164935 	-6.67659e-24
-1501 	-17.34 	0 	0.997674 	-0.000164005 	1.05272e-23
-1501 	-17.22 	0 	0.997674 	-0.000162767 	3.76067e-23
-1501 	-17.1 	0 	0.997674 	-0.000161918 	9.76558e-23
-1501 	-16.98 	0 	0.997675 	-0.000160585 	-3.51655e-23
-1501 	-16.86 	0 	0.997675 	-0.000159851 	3.76138e-23
-1501 	-16.74 	0 	0.997675 	-0.000158381 	3.76162e-23
-1501 	-16.62 	0 	0.997675 	-0.00015781 	9.76807e-23
-1501 	-16.5 	0 	0.997676 	-0.000156149 	1.0532e-23
-1501 	-16.38 	0 	0.997676 	-0.000155804 	3.76233e-23
-1501 	-16.26 	0 	0.997676 	-0.000153878 	-8.88653e-23
-1501 	-16.14 	0 	0.997676 	-0.000153841 	-6.77394e-24
-1501 	-16.02 	0 	0.997677 	-0.000151559 	1.05348e-23
-1501 	-15.9 	0 	0.997677 	-0.000151934 	9.77181e-23
-1501 	-15.78 	0 	0.997677 	-0.00014918 	2.40857e-23
-1501 	-15.66 	0 	0.997677 	-0.000150095 	3.74673e-23
-1501 	-15.54 	0 	0.997678 	-0.000146726 	2.40888e-23
-1501 	-15.42 	0 	0.997678 	-0.000148337 	-1.33541e-22
-1501 	-15.3 	0 	0.997678 	-0.000144184 	2.40918e-23
-1501 	-15.18 	0 	0.997678 	-0.000146675 	3.76469e-23
-1501 	-15.06 	0 	0.997679 	-0.000141538 	-2.10048e-23
-1501 	-14.94 	0 	0.997679 	-0.000145122 	-5.81453e-23
-1501 	-14.82 	0 	0.997679 	-0.000138774 	3.76541e-23
-1501 	-14.7 	0 	0.997679 	-0.000143694 	-2.11023e-23
-1501 	-14.58 	0 	0.99768 	-0.000135875 	9.77869e-23
-1501 	-14.46 	0 	0.99768 	-0.000142404 	2.41025e-23
-1501 	-14.34 	0 	0.99768 	-0.000132828 	1.19762e-22
-1501 	-14.22 	0 	0.99768 	-0.000141267 	1.20748e-24
-1501 	-14.1 	0 	0.997681 	-0.000129617 	3.76683e-23
-1501 	-13.98 	0 	0.997681 	-0.000140293 	-2.11105e-23
-1501 	-13.86 	0 	0.997681 	-0.000126231 	2.41102e-23
-1501 	-13.74 	0 	0.997681 	-0.000139495 	1.79955e-22
-1501 	-13.62 	0 	0.997682 	-0.000122656 	2.41133e-23
-1501 	-13.5 	0 	0.997682 	-0.000138884 	-4.46248e-23
-1501 	-13.38 	0 	0.997682 	-0.00011888 	8.35185e-23
-1501 	-13.26 	0 	0.997682 	-0.000138468 	3.76847e-23
-1501 	-13.14 	0 	0.997682 	-0.00011489 	-2.11201e-23
-1501 	-13.02 	0 	0.997683 	-0.000138259 	-2.1028e-23
-1501 	-12.9 	0 	0.997683 	-0.000110671 	-4.46395e-23
-1501 	-12.78 	0 	0.997683 	-0.000138267 	2.41239e-23
-1501 	-12.66 	0 	0.997683 	-0.000106195 	3.76968e-23
-1501 	-12.54 	0 	0.997684 	-0.000138516 	-2.10335e-23
-1501 	-12.42 	0 	0.997684 	-0.000101705 	-1.93954e-22
-1501 	-12.3 	0 	0.997685 	-0.00013877 	2.41301e-23
-1501 	-12.18 	0 	0.997684 	-9.73441e-05 	1.55486e-23
-1501 	-12.06 	0 	0.997685 	-0.000138895 	2.41331e-23
-1501 	-11.94 	0 	0.997685 	-9.29566e-05 	-1.21356e-22
-1501 	-11.82 	0 	0.997684 	-0.000134518 	7.87947e-23
-1501 	-11.7 	0 	0.997684 	-9.32604e-05 	-9.89039e-23
-1501 	-11.58 	0 	0.997684 	-0.000130116 	1.12047e-22
-1501 	-11.46 	0 	0.997684 	-9.35514e-05 	-1.10099e-22
-1501 	-11.34 	0 	0.997683 	-0.000125725 	1.12034e-22
-1501 	-11.22 	0 	0.997683 	-9.38186e-05 	-1.44131e-22
-1501 	-11.1 	0 	0.997683 	-0.000121357 	2.96854e-23
-1501 	-10.98 	0 	0.997682 	-9.40128e-05 	-1.213e-22
-1501 	-10.86 	0 	0.997682 	-0.000117067 	4.27053e-23
-1501 	-10.74 	0 	0.997682 	-9.38765e-05 	1.23204e-22
-1501 	-10.62 	0 	0.997681 	-0.000113122 	-1.55292e-22
-1501 	-10.5 	0 	0.997681 	-9.34855e-05 	2.96767e-23
-1501 	-10.38 	0 	0.997681 	-0.000109443 	-1.21266e-22
-1501 	-10.26 	0 	0.997681 	-9.28779e-05 	4.08731e-23
-1501 	-10.14 	0 	0.99768 	-0.000105985 	-1.55256e-22
-1501 	-10.02 	0 	0.99768 	-9.20777e-05 	-1.21244e-22
-1501 	-9.9 	0 	0.99768 	-0.00010272 	4.08661e-23
-1501 	-9.78 	0 	0.997679 	-9.11032e-05 	-1.1001e-22
-1501 	-9.66 	0 	0.997679 	-9.96289e-05 	1.11943e-22
-1501 	-9.54 	0 	0.997679 	-8.99712e-05 	-1.44015e-22
-1501 	-9.42 	0 	0.997678 	-9.66928e-05 	2.96613e-23
-1501 	-9.3 	0 	0.997678 	-8.86972e-05 	-1.21202e-22
-1501 	-9.18 	0 	0.997678 	-9.3895e-05 	4.08519e-23
-1501 	-9.06 	0 	0.997678 	-8.72964e-05 	2.0258e-23
-1501 	-8.94 	0 	0.997677 	-9.12195e-05 	-1.43974e-22
-1501 	-8.82 	0 	0.997677 	-8.57836e-05 	2.96527e-23
-1501 	-8.7 	0 	0.997677 	-8.86509e-05 	-1.21168e-22
-1501 	-8.58 	0 	0.997676 	-8.41727e-05 	4.084e-23
-1501 	-8.46 	0 	0.997676 	-8.61745e-05 	-1.21154e-22
-1501 	-8.34 	0 	0.997676 	-8.24774e-05 	7.86629e-23
-1501 	-8.22 	0 	0.997675 	-8.37768e-05 	-9.87386e-23
-1501 	-8.1 	0 	0.997675 	-8.07101e-05 	1.11859e-22
-1501 	-7.98 	0 	0.997675 	-8.14447e-05 	-1.09915e-22
-1501 	-7.86 	0 	0.997675 	-7.88832e-05 	6.61906e-23
-1501 	-7.74 	0 	0.997674 	-7.91666e-05 	8.85831e-23
-1501 	-7.62 	0 	0.997674 	-7.70072e-05 	9.97867e-23
-1501 	-7.5 	0 	0.997674 	-7.69315e-05 	-1.21098e-22
-1501 	-7.38 	0 	0.997673 	-7.50924e-05 	1.10959e-22
-1501 	-7.26 	0 	0.997673 	-7.47295e-05 	2.14826e-23
-1501 	-7.14 	0 	0.997673 	-7.3148e-05 	8.85574e-23
-1501 	-7.02 	0 	0.997672 	-7.25518e-05 	9.97579e-23
-1501 	-6.9 	0 	0.997672 	-7.11823e-05 	9.97289e-23
-1501 	-6.78 	0 	0.997672 	-7.03904e-05 	9.97464e-23
-1501 	-6.66 	0 	0.997672 	-6.92029e-05 	5.49718e-23
-1501 	-6.54 	0 	0.997671 	-6.8238e-05 	-1.09838e-22
-1501 	-6.42 	0 	0.997671 	-6.72167e-05 	9.97058e-23
-1501 	-6.3 	0 	0.997671 	-6.6088e-05 	9.97233e-23
-1501 	-6.18 	0 	0.99767 	-6.523e-05 	5.4959e-23
-1501 	-6.06 	0 	0.99767 	-6.39342e-05 	9.96885e-23
-1501 	-5.94 	0 	0.99767 	-6.32488e-05 	9.9706e-23
-1501 	-5.82 	0 	0.997669 	-6.17708e-05 	8.85011e-23
-1501 	-5.7 	0 	0.997669 	-6.12788e-05 	1.1087e-22
-1501 	-5.58 	0 	0.997669 	-5.95925e-05 	5.49431e-23
-1501 	-5.46 	0 	0.997669 	-5.93253e-05 	-1.20978e-22
-1501 	-5.34 	0 	0.997668 	-5.7394e-05 	6.62031e-23
-1501 	-5.22 	0 	0.997668 	-5.73934e-05 	8.84754e-23
-1501 	-5.1 	0 	0.997668 	-5.51705e-05 	1.10838e-22
-1501 	-4.98 	0 	0.997667 	-5.54881e-05 	5.49271e-23
-1501 	-4.86 	0 	0.997667 	-5.29173e-05 	8.84601e-23
-1501 	-4.74 	0 	0.997667 	-5.36138e-05 	1.10818e-22
-1501 	-4.62 	0 	0.997667 	-5.06302e-05 	8.84499e-23
-1501 	-4.5 	0 	0.997666 	-5.17751e-05 	-1.54835e-22
-1501 	-4.38 	0 	0.997666 	-4.83051e-05 	1.10799e-22
-1501 	-4.26 	0 	0.997666 	-4.99756e-05 	8.84344e-23
-1501 	-4.14 	0 	0.997665 	-4.59385e-05 	9.96196e-23
-1501 	-4.02 	0 	0.997665 	-4.82188e-05 	9.95903e-23
-1501 	-3.9 	0 	0.997665 	-4.35276e-05 	5.48985e-23
-1501 	-3.78 	0 	0.997665 	-4.65075e-05 	-5.04504e-24
-1501 	-3.66 	0 	0.997664 	-4.107e-05 	8.8409e-23
-1501 	-3.54 	0 	0.997664 	-4.48437e-05 	6.61456e-23
-1501 	-3.42 	0 	0.997664 	-3.85642e-05 	1.10748e-22
-1501 	-3.3 	0 	0.997663 	-4.32287e-05 	-4.99314e-23
-1501 	-3.18 	0 	0.997663 	-3.60095e-05 	8.83885e-23
-1501 	-3.06 	0 	0.997663 	-4.16628e-05 	1.10728e-22
-1501 	-2.94 	0 	0.997663 	-3.34061e-05 	8.83783e-23
-1501 	-2.82 	0 	0.997662 	-4.01451e-05 	5.48697e-23
-1501 	-2.7 	0 	0.997662 	-3.07554e-05 	-5.04242e-24
-1501 	-2.58 	0 	0.997662 	-3.86738e-05 	9.9521e-23
-1501 	-2.46 	0 	0.997661 	-2.80598e-05 	9.95389e-23
-1501 	-2.34 	0 	0.997661 	-3.72457e-05 	8.83524e-23
-1501 	-2.22 	0 	0.997661 	-2.53231e-05 	-1.3172e-22
-1501 	-2.1 	0 	0.997661 	-3.58559e-05 	9.95213e-23
-1501 	-1.98 	0 	0.99766 	-2.25504e-05 	8.83373e-23
-1501 	-1.86 	0 	0.99766 	-3.44978e-05 	1.17174e-23
-1501 	-1.74 	0 	0.99766 	-1.97491e-05 	5.49112e-23
-1501 	-1.62 	0 	0.99766 	-3.31625e-05 	1.42083e-22
-1501 	-1.5 	0 	0.997659 	-1.6928e-05 	9.94928e-23
-1501 	-1.38 	0 	0.997659 	-3.18389e-05 	-1.06126e-23
-1501 	-1.26 	0 	0.997659 	-1.40986e-05 	1.10633e-22
-1501 	-1.14 	0 	0.997658 	-3.05137e-05 	1.4205e-22
-1501 	-1.02 	0 	0.997658 	-1.12741e-05 	8.82964e-23
-1501 	-0.9 	0 	0.997658 	-2.9172e-05 	1.54268e-22
-1501 	-0.78 	0 	0.997657 	-8.46938e-06 	1.31939e-22
-1501 	-0.66 	0 	0.997657 	-2.77992e-05 	1.43102e-22
-1501 	-0.54 	0 	0.997657 	-5.69879e-06 	1.09557e-22
-1501 	-0.42 	0 	0.997657 	-2.63831e-05 	1.43086e-22
-1501 	-0.3 	0 	0.997656 	-2.97455e-06 	1.31908e-22
-1501 	-0.18 	0 	0.997656 	-2.49148e-05 	1.54214e-22
-1501 	-0.06 	0 	0.997656 	-3.05428e-07 	1.31893e-22
-1501 	0.06 	0 	0.997656 	-2.33848e-05 	-1.31893e-22
-1501 	0.18 	0 	0.997656 	9.32031e-07 	-1.54214e-22
-1501 	0.3 	0 	0.997656 	-2.04281e-05 	-1.31908e-22
-1501 	0.42 	0 	0.997657 	2.24961e-06 	-1.43086e-22
-1501 	0.54 	0 	0.997657 	-1.75531e-05 	-1.09557e-22
-1501 	0.66 	0 	0.997657 	3.65894e-06 	-1.43102e-22
-1501 	0.78 	0 	0.997657 	-1.47823e-05 	-1.31939e-22
-1501 	0.9 	0 	0.997658 	5.18485e-06 	-1.54268e-22
-1501 	1.02 	0 	0.997658 	-1.21378e-05 	-8.82965e-23
-1501 	1.14 	0 	0.997658 	6.86202e-06 	-1.4205e-22
-1501 	1.26 	0 	0.997658 	-9.65618e-06 	-1.10633e-22
-1501 	1.38 	0 	0.997659 	8.78455e-06 	1.06126e-23
-1501 	1.5 	0 	0.997659 	-7.40744e-06 	-9.94929e-23
-1501 	1.62 	0 	0.99766 	1.05839e-05 	-1.42083e-22
-1501 	1.74 	0 	0.99766 	-5.02651e-06 	-5.49112e-23
-1501 	1.86 	0 	0.99766 	1.22655e-05 	-1.17174e-23
-1501 	1.98 	0 	0.99766 	-2.58889e-06 	-8.83374e-23
-1501 	2.1 	0 	0.997661 	1.3925e-05 	-9.95213e-23
-1501 	2.22 	0 	0.997661 	-9.89827e-08 	1.3172e-22
-1501 	2.34 	0 	0.997661 	1.55484e-05 	-8.83524e-23
-1501 	2.46 	0 	0.997661 	2.42706e-06 	-9.9539e-23
-1501 	2.58 	0 	0.997662 	1.71457e-05 	-9.9521e-23
-1501 	2.7 	0 	0.997662 	4.97723e-06 	5.04242e-24
-1501 	2.82 	0 	0.997662 	1.8726e-05 	-5.48697e-23
-1501 	2.94 	0 	0.997662 	7.54152e-06 	-8.83784e-23
-1501 	3.06 	0 	0.997663 	2.02976e-05 	-1.10728e-22
-1501 	3.18 	0 	0.997663 	1.01112e-05 	-8.83886e-23
-1501 	3.3 	0 	0.997663 	2.18682e-05 	4.99314e-23
-1501 	3.42 	0 	0.997664 	1.26787e-05 	-1.10748e-22
-1501 	3.54 	0 	0.997664 	2.34446e-05 	-6.61456e-23
-1501 	3.66 	0 	0.997664 	1.52374e-05 	-8.84091e-23
-1501 	3.78 	0 	0.997665 	2.5033e-05 	5.04504e-24
-1501 	3.9 	0 	0.997665 	1.77816e-05 	-5.48985e-23
-1501 	4.02 	0 	0.997665 	2.66382e-05 	-9.95903e-23
-1501 	4.14 	0 	0.997665 	2.03069e-05 	-9.96197e-23
-1501 	4.26 	0 	0.997666 	2.82646e-05 	-8.84344e-23
-1501 	4.38 	0 	0.997666 	2.28093e-05 	-1.10799e-22
-1501 	4.5 	0 	0.997666 	2.99152e-05 	1.54835e-22
-1501 	4.62 	0 	0.997666 	2.52863e-05 	-8.845e-23
-1501 	4.74 	0 	0.997667 	3.15922e-05 	-1.10818e-22
-1501 	4.86 	0 	0.997667 	2.7736e-05 	-8.84603e-23
-1501 	4.98 	0 	0.997667 	3.32971e-05 	-5.49271e-23
-1501 	5.1 	0 	0.997668 	3.01575e-05 	-1.10838e-22
-1501 	5.22 	0 	0.997668 	3.50299e-05 	-8.84755e-23
-1501 	5.34 	0 	0.997668 	3.25509e-05 	-6.62032e-23
-1501 	5.46 	0 	0.997668 	3.67903e-05 	1.20978e-22
-1501 	5.58 	0 	0.997669 	3.49173e-05 	-5.49432e-23
-1501 	5.7 	0 	0.997669 	3.85766e-05 	-1.1087e-22
-1501 	5.82 	0 	0.997669 	3.72584e-05 	-8.85012e-23
-1501 	5.94 	0 	0.99767 	4.03863e-05 	-9.9706e-23
-1501 	6.06 	0 	0.99767 	3.95774e-05 	-9.96886e-23
-1501 	6.18 	0 	0.99767 	4.22159e-05 	-5.49591e-23
-1501 	6.3 	0 	0.99767 	4.18779e-05 	-9.97235e-23
-1501 	6.42 	0 	0.997671 	4.4061e-05 	-9.97059e-23
-1501 	6.54 	0 	0.997671 	4.41649e-05 	1.09839e-22
-1501 	6.66 	0 	0.997671 	4.59162e-05 	-5.49718e-23
-1501 	6.78 	0 	0.997672 	4.64441e-05 	-9.97465e-23
-1501 	6.9 	0 	0.997672 	4.77753e-05 	-9.9729e-23
-1501 	7.02 	0 	0.997672 	4.87221e-05 	-9.97581e-23
-1501 	7.14 	0 	0.997673 	4.9631e-05 	-8.85575e-23
-1501 	7.26 	0 	0.997673 	5.10066e-05 	-2.14826e-23
-1501 	7.38 	0 	0.997673 	5.14754e-05 	-1.1096e-22
-1501 	7.5 	0 	0.997673 	5.3306e-05 	1.21098e-22
-1501 	7.62 	0 	0.997674 	5.32998e-05 	-9.97868e-23
-1501 	7.74 	0 	0.997674 	5.56296e-05 	-8.85832e-23
-1501 	7.86 	0 	0.997674 	5.50946e-05 	-6.61906e-23
-1501 	7.98 	0 	0.997674 	5.79873e-05 	1.09915e-22
-1501 	8.1 	0 	0.997675 	5.68497e-05 	-1.1186e-22
-1501 	8.22 	0 	0.997675 	6.03897e-05 	9.87388e-23
-1501 	8.34 	0 	0.997675 	5.85542e-05 	-7.8663e-23
-1501 	8.46 	0 	0.997676 	6.28486e-05 	1.21154e-22
-1501 	8.58 	0 	0.997676 	6.01969e-05 	-4.08401e-23
-1501 	8.7 	0 	0.997676 	6.53759e-05 	1.21168e-22
-1501 	8.82 	0 	0.997677 	6.1766e-05 	-2.96527e-23
-1501 	8.94 	0 	0.997677 	6.7984e-05 	1.43974e-22
-1501 	9.06 	0 	0.997677 	6.32492e-05 	-2.0258e-23
-1501 	9.18 	0 	0.997678 	7.0686e-05 	-4.0852e-23
-1501 	9.3 	0 	0.997678 	6.46342e-05 	1.21203e-22
-1501 	9.42 	0 	0.997678 	7.34956e-05 	-2.96614e-23
-1501 	9.54 	0 	0.997678 	6.59076e-05 	1.44015e-22
-1501 	9.66 	0 	0.997679 	7.64272e-05 	-1.11944e-22
-1501 	9.78 	0 	0.997679 	6.7056e-05 	1.1001e-22
-1501 	9.9 	0 	0.997679 	7.94963e-05 	-4.08662e-23
-1501 	10.02 	0 	0.99768 	6.8065e-05 	1.21244e-22
-1501 	10.14 	0 	0.99768 	8.27196e-05 	1.55256e-22
-1501 	10.26 	0 	0.99768 	6.89193e-05 	-4.08732e-23
-1501 	10.38 	0 	0.99768 	8.61159e-05 	1.21266e-22
-1501 	10.5 	0 	0.997681 	6.96021e-05 	-2.96767e-23
-1501 	10.62 	0 	0.997681 	8.97093e-05 	1.55292e-22
-1501 	10.74 	0 	0.997682 	7.00922e-05 	-1.23204e-22
-1501 	10.86 	0 	0.997682 	9.36032e-05 	-4.27054e-23
-1501 	10.98 	0 	0.997682 	7.02933e-05 	1.213e-22
-1501 	11.1 	0 	0.997682 	9.76584e-05 	-2.96854e-23
-1501 	11.22 	0 	0.997683 	7.03421e-05 	1.44131e-22
-1501 	11.34 	0 	0.997683 	0.000101761 	-1.12034e-22
-1501 	11.46 	0 	0.997683 	7.03428e-05 	1.10099e-22
-1501 	11.58 	0 	0.997683 	0.000105899 	-1.12047e-22
-1501 	11.7 	0 	0.997684 	7.03073e-05 	9.89041e-23
-1501 	11.82 	0 	0.997684 	0.000110078 	-7.87948e-23
-1501 	11.94 	0 	0.997685 	7.02272e-05 	1.21356e-22
-1501 	12.06 	0 	0.997685 	0.000114294 	2.43369e-22
-1501 	12.18 	0 	0.997684 	7.4357e-05 	-8.0675e-23
-1501 	12.3 	0 	0.997684 	0.000114447 	1.60979e-22
-1501 	12.42 	0 	0.997684 	7.84342e-05 	8.41303e-23
-1501 	12.54 	0 	0.997684 	0.00011457 	7.8781e-23
-1501 	12.66 	0 	0.997683 	8.25449e-05 	-4.28743e-23
-1501 	12.78 	0 	0.997683 	0.000114681 	2.06257e-22
-1501 	12.9 	0 	0.997682 	8.66617e-05 	8.39372e-23
-1501 	13.02 	0 	0.997682 	0.00011489 	7.87592e-23
-1501 	13.14 	0 	0.997682 	9.06684e-05 	7.87541e-23
-1501 	13.26 	0 	0.997682 	0.000115247 	8.38275e-23
-1501 	13.38 	0 	0.997681 	9.45182e-05 	7.87432e-23
-1501 	13.5 	0 	0.997681 	0.000115761 	8.39076e-23
-1501 	13.62 	0 	0.997681 	9.82038e-05 	7.87323e-23
-1501 	13.74 	0 	0.997681 	0.000116432 	8.38042e-23
-1501 	13.86 	0 	0.99768 	0.000101727 	7.87214e-23
-1501 	13.98 	0 	0.99768 	0.000117258 	7.87156e-23
-1501 	14.1 	0 	0.99768 	0.000105095 	8.38787e-23
-1501 	14.22 	0 	0.99768 	0.000118232 	3.34957e-23
-1501 	14.34 	0 	0.997679 	0.000108312 	1.28215e-22
-1501 	14.46 	0 	0.997679 	0.000119348 	-2.59931e-23
-1501 	14.58 	0 	0.997679 	0.000111389 	1.77676e-24
-1501 	14.7 	0 	0.997678 	0.000120598 	-4.87562e-23
-1501 	14.82 	0 	0.997678 	0.000114333 	2.39007e-23
-1501 	14.94 	0 	0.997678 	0.000121973 	1.60733e-22
-1501 	15.06 	0 	0.997678 	0.000117156 	7.86668e-23
-1501 	15.18 	0 	0.997677 	0.000123462 	1.77613e-24
-1501 	15.3 	0 	0.997677 	0.000119867 	3.34749e-23
-1501 	15.42 	0 	0.997677 	0.000125056 	1.28135e-22
-1501 	15.54 	0 	0.997676 	0.000122478 	7.8645e-23
-1501 	15.66 	0 	0.997676 	0.000126744 	8.38026e-23
-1501 	15.78 	0 	0.997676 	0.000125 	3.34656e-23
-1501 	15.9 	0 	0.997676 	0.000128514 	1.28099e-22
-1501 	16.02 	0 	0.997675 	0.000127446 	-3.13021e-23
-1501 	16.14 	0 	0.997675 	0.000130356 	1.77511e-24
-1501 	16.26 	0 	0.997675 	0.000129826 	3.93825e-23
-1501 	16.38 	0 	0.997675 	0.00013226 	4.60707e-23
-1501 	16.5 	0 	0.997674 	0.00013215 	5.06937e-23
-1501 	16.62 	0 	0.997674 	0.000134214 	8.39263e-23
-1501 	16.74 	0 	0.997674 	0.00013443 	-1.2475e-22
-1501 	16.86 	0 	0.997674 	0.00013621 	8.37443e-23
-1501 	16.98 	0 	0.997673 	0.000136673 	9.66564e-23
-1501 	17.1 	0 	0.997673 	0.00013824 	8.37326e-23
-1501 	17.22 	0 	0.997673 	0.000138888 	1.77397e-24
-1501 	17.34 	0 	0.997672 	0.000140296 	-7.71704e-23
-1501 	17.46 	0 	0.997672 	0.000141082 	1.27983e-22
-1501 	17.58 	0 	0.997672 	0.000142371 	1.77359e-24
-1501 	17.7 	0 	0.997672 	0.000143261 	8.37034e-23
-1501 	17.82 	0 	0.997671 	0.00014446 	-7.7149e-23
-1501 	17.94 	0 	0.997671 	0.00014543 	1.27948e-22
-1501 	18.06 	0 	0.997671 	0.000146557 	1.77308e-24
-1501 	18.18 	0 	0.997671 	0.000147596 	-3.1263e-23
-1501 	18.3 	0 	0.99767 	0.000148657 	-4.25659e-23
-1501 	18.42 	0 	0.99767 	0.000149761 	8.36684e-23
-1501 	18.54 	0 	0.99767 	0.000150757 	-5.82107e-23
-1501 	18.66 	0 	0.99767 	0.000151931 	-1.35688e-22
-1501 	18.78 	0 	0.997669 	0.00015285 	-1.24603e-22
-1501 	18.9 	0 	0.997669 	0.000154113 	1.7722e-24
-1501 	19.02 	0 	0.997669 	0.00015493 	-8.04027e-24
-1501 	19.14 	0 	0.997668 	0.000156312 	8.36334e-23
-1501 	19.26 	0 	0.997668 	0.000156992 	1.77182e-24
-1501 	19.38 	0 	0.997668 	0.000158536 	-4.25394e-23
-1501 	19.5 	0 	0.997668 	0.000159026 	-3.12392e-23
-1501 	19.62 	0 	0.997667 	0.000160794 	1.27823e-22
-1501 	19.74 	0 	0.997667 	0.000161022 	1.77131e-24
-1501 	19.86 	0 	0.997667 	0.000163097 	3.92997e-23
-1501 	19.98 	0 	0.997667 	0.000162969 	-3.12305e-23
-1501 	20.1 	0 	0.997666 	0.000165456 	1.27787e-22
-1501 	20.22 	0 	0.997666 	0.000164852 	1.77081e-24
-1501 	20.34 	0 	0.997666 	0.000167888 	-7.70368e-23
-1501 	20.46 	0 	0.997666 	0.000166655 	8.35693e-23
-1501 	20.58 	0 	0.997665 	0.000170409 	4.59585e-23
-1501 	20.7 	0 	0.997665 	0.000168359 	1.65516e-22
-1501 	20.82 	0 	0.997665 	0.000173038 	2.7288e-23
-1501 	20.94 	0 	0.997665 	0.000169945 	1.77005e-24
-1501 	21.06 	0 	0.997664 	0.000175794 	-2.07487e-23
-1501 	21.18 	0 	0.997664 	0.000171391 	1.4486e-23
-1501 	21.3 	0 	0.997664 	0.000178699 	8.35286e-23
-1501 	21.42 	0 	0.997664 	0.000172673 	-4.24893e-23
-1501 	21.54 	0 	0.997663 	0.000181776 	1.76942e-24
-1501 	21.66 	0 	0.997663 	0.000173766 	-8.95529e-23
-1501 	21.78 	0 	0.997663 	0.000185047 	1.76916e-24
-1501 	21.9 	0 	0.997663 	0.000174647 	3.92528e-23
-1501 	22.02 	0 	0.997662 	0.000188535 	-3.11938e-23
-1501 	22.14 	0 	0.997662 	0.000175289 	1.76878e-24
-1501 	22.26 	0 	0.997662 	0.000192264 	1.27627e-22
-1501 	22.38 	0 	0.997662 	0.000175667 	-4.24657e-23
-1501 	22.5 	0 	0.997661 	0.000196257 	-3.11852e-23
-1501 	22.62 	0 	0.997661 	0.000175752 	8.34643e-23
-1501 	22.74 	0 	0.997661 	0.000200538 	2.09454e-22
-1501 	22.86 	0 	0.997661 	0.00017551 	-1.2431e-22
-1501 	22.98 	0 	0.99766 	0.000205136 	-3.11765e-23
-1501 	23.1 	0 	0.99766 	0.000174883 	8.36123e-23
-1501 	23.22 	0 	0.99766 	0.000210098 	1.27556e-22
-1501 	23.34 	0 	0.99766 	0.000173892 	2.72482e-23
-1501 	23.46 	0 	0.997659 	0.000215402 	1.65252e-22
-1501 	23.58 	0 	0.997659 	0.000172873 	1.76727e-24
-1501 	23.7 	0 	0.997659 	0.000220727 	1.76715e-24
-1501 	23.7758 	0 	0.997659 	0.000171992 	9.61026e-23
-1501 	23.8358 	0 	0.997782 	0.000165244 	-2.12964e-22
-1501 	23.94 	0 	0.997782 	0.000215174 	-1.81698e-22
-1501 	24.06 	0 	0.997782 	0.000164129 	1.81698e-22
-1501 	24.1642 	0 	0.997782 	0.000214367 	2.12963e-22
-1501 	24.2242 	0 	0.997659 	0.000225016 	-9.61022e-23
-1501 	24.3 	0 	0.997659 	0.000176078 	-1.76714e-24
-1501 	24.42 	0 	0.99766 	0.0002238 	-1.76725e-24
-1501 	24.54 	0 	0.99766 	0.000181383 	-1.6525e-22
-1501 	24.66 	0 	0.99766 	0.000222587 	-2.72477e-23
-1501 	24.78 	0 	0.997661 	0.000186643 	5.80519e-23
-1501 	24.9 	0 	0.997661 	0.000221428 	1.02396e-22
-1501 	25.02 	0 	0.997661 	0.000191516 	3.11757e-23
-1501 	25.14 	0 	0.997662 	0.00022068 	1.24306e-22
-1501 	25.26 	0 	0.997662 	0.000196037 	-2.09447e-22
-1501 	25.38 	0 	0.997663 	0.000220309 	-8.34616e-23
-1501 	25.5 	0 	0.997663 	0.000200241 	3.1184e-23
-1501 	25.62 	0 	0.997664 	0.000220264 	4.24639e-23
-1501 	25.74 	0 	0.997664 	0.000204154 	-1.27622e-22
-1501 	25.86 	0 	0.997664 	0.000220516 	-1.76872e-24
-1501 	25.98 	0 	0.997665 	0.000207798 	3.11922e-23
-1501 	26.1 	0 	0.997665 	0.000221039 	-3.9251e-23
-1501 	26.22 	0 	0.997665 	0.000211194 	-1.7691e-24
-1501 	26.34 	0 	0.997666 	0.000221809 	-9.62183e-23
-1501 	26.46 	0 	0.997666 	0.000214363 	-1.76934e-24
-1501 	26.58 	0 	0.997667 	0.000222801 	4.24865e-23
-1501 	26.7 	0 	0.997667 	0.00021733 	-8.35232e-23
-1501 	26.82 	0 	0.997668 	0.000223989 	-1.44852e-23
-1501 	26.94 	0 	0.997668 	0.000220116 	-1.6547e-22
-1501 	27.06 	0 	0.997668 	0.000225349 	-1.76995e-24
-1501 	27.18 	0 	0.997669 	0.000222746 	-2.72858e-23
-1501 	27.3 	0 	0.997669 	0.000226856 	-1.65503e-22
-1501 	27.42 	0 	0.99767 	0.000225243 	-4.59547e-23
-1501 	27.54 	0 	0.99767 	0.000228485 	-8.35623e-23
-1501 	27.66 	0 	0.99767 	0.000227628 	7.70297e-23
-1501 	27.78 	0 	0.997671 	0.000230214 	-1.77069e-24
-1501 	27.9 	0 	0.997671 	0.000229923 	5.81526e-23
-1501 	28.02 	0 	0.997672 	0.000232024 	3.12274e-23
-1501 	28.14 	0 	0.997672 	0.000232147 	-3.92961e-23
-1501 	28.26 	0 	0.997672 	0.000233895 	-1.77118e-24
-1501 	28.38 	0 	0.997673 	0.000234314 	5.81681e-23
-1501 	28.5 	0 	0.997673 	0.000235814 	3.12357e-23
-1501 	28.62 	0 	0.997674 	0.000236439 	4.25344e-23
-1501 	28.74 	0 	0.997674 	0.000237768 	-1.77167e-24
-1501 	28.86 	0 	0.997674 	0.000238533 	-8.36238e-23
-1501 	28.98 	0 	0.997675 	0.000239746 	-1.78388e-22
-1501 	29.1 	0 	0.997675 	0.000240605 	-1.77204e-24
-1501 	29.22 	0 	0.997676 	0.000241741 	1.24587e-22
-1501 	29.34 	0 	0.997676 	0.000242661 	1.3567e-22
-1501 	29.46 	0 	0.997676 	0.000243746 	-1.27886e-22
-1501 	29.58 	0 	0.997677 	0.000244706 	-8.36573e-23
-1501 	29.7 	0 	0.997677 	0.000245759 	4.25597e-23
-1501 	29.82 	0 	0.997678 	0.000246745 	3.12584e-23
-1501 	29.94 	0 	0.997678 	0.000247774 	-1.7729e-24
-1501 	30.06 	0 	0.997678 	0.000248779 	-1.27929e-22
-1501 	30.18 	0 	0.997679 	0.000249791 	7.7137e-23
-1501 	30.3 	0 	0.997679 	0.000250811 	-8.36909e-23
-1501 	30.42 	0 	0.99768 	0.000251806 	-1.77339e-24
-1501 	30.54 	0 	0.99768 	0.000252844 	-1.27963e-22
-1501 	30.66 	0 	0.997681 	0.000253817 	7.71574e-23
-1501 	30.78 	0 	0.997681 	0.00025488 	-1.77376e-24
-1501 	30.9 	0 	0.997681 	0.000255822 	-8.37189e-23
-1501 	31.02 	0 	0.997682 	0.000256922 	8.99969e-23
-1501 	31.14 	0 	0.997682 	0.000257817 	-8.37301e-23
-1501 	31.26 	0 	0.997683 	0.000258976 	1.24727e-22
-1501 	31.38 	0 	0.997683 	0.000259795 	-8.39108e-23
-1501 	31.5 	0 	0.997683 	0.000261046 	-5.06849e-23
-1501 	31.62 	0 	0.997684 	0.00026175 	-4.60625e-23
-1501 	31.74 	0 	0.997684 	0.000263142 	-3.93758e-23
-1501 	31.86 	0 	0.997685 	0.000263672 	-1.77487e-24
-1501 	31.98 	0 	0.997685 	0.000265276 	3.12958e-23
-1501 	32.1 	0 	0.997685 	0.000265548 	-9.65283e-23
-1501 	32.22 	0 	0.997686 	0.000267462 	8.01377e-24
-1501 	32.34 	0 	0.997686 	0.00026736 	-5.07087e-23
-1501 	32.46 	0 	0.997687 	0.000269721 	-3.4855e-23
-1501 	32.58 	0 	0.997687 	0.000269089 	-9.65541e-23
-1501 	32.7 	0 	0.997688 	0.000272073 	7.72445e-23
-1501 	32.82 	0 	0.997688 	0.00027071 	-3.4862e-23
-1501 	32.94 	0 	0.997688 	0.000274548 	3.13124e-23
-1501 	33.06 	0 	0.997689 	0.000272196 	-5.07291e-23
-1501 	33.18 	0 	0.997689 	0.000277175 	-5.50755e-23
-1501 	33.3 	0 	0.99769 	0.000273514 	-2.73781e-23
-1501 	33.42 	0 	0.99769 	0.000279989 	3.13207e-23
-1501 	33.54 	0 	0.997691 	0.000274633 	6.97861e-23
-1501 	33.66 	0 	0.997691 	0.000283026 	-9.66124e-23
-1501 	33.78 	0 	0.997691 	0.000275516 	8.02052e-24
-1501 	33.9 	0 	0.997692 	0.000286325 	-5.07531e-23
-1501 	34.02 	0 	0.997692 	0.000276128 	3.1331e-23
-1501 	34.14 	0 	0.997693 	0.000289925 	-3.48876e-23
-1501 	34.26 	0 	0.997693 	0.000276432 	1.35918e-22
-1501 	34.38 	0 	0.997693 	0.000293869 	3.13373e-23
-1501 	34.5 	0 	0.997694 	0.000276392 	-1.17004e-22
-1501 	34.62 	0 	0.997694 	0.000298201 	3.13415e-23
-1501 	34.74 	0 	0.997695 	0.000275967 	1.35954e-22
-1501 	34.86 	0 	0.997695 	0.000302975 	-3.49016e-23
-1501 	34.98 	0 	0.997696 	0.00027511 	3.13476e-23
-1501 	35.1 	0 	0.997696 	0.000308297 	-5.07872e-23
-1501 	35.22 	0 	0.997697 	0.000273739 	2.70033e-23
-1501 	35.34 	0 	0.997697 	0.000314199 	-1.09557e-22
-1501 	35.46 	0 	0.997697 	0.000271823 	-3.4913e-23
-1501 	35.58 	0 	0.997698 	0.000320193 	-5.09692e-23
-1501 	35.7 	0 	0.997698 	0.000269825 	-5.0804e-23
-1501 	35.82 	0 	0.997698 	0.000326211 	-1.39627e-22
-1501 	35.94 	0 	0.997699 	0.000267801 	5.39898e-23
-1501 	36.06 	0 	0.997699 	0.000331732 	2.01694e-22
-1501 	36.18 	0 	0.997699 	0.000274345 	-1.5079e-22
-1501 	36.3 	0 	0.997699 	0.000330102 	3.71708e-23
-1501 	36.42 	0 	0.997698 	0.000280305 	2.01649e-22
-1501 	36.54 	0 	0.997698 	0.000328284 	-6.49651e-23
-1501 	36.66 	0 	0.997698 	0.000286447 	2.60379e-22
-1501 	36.78 	0 	0.997698 	0.000326712 	-1.078e-22
-1501 	36.9 	0 	0.997697 	0.000292309 	1.19457e-22
-1501 	37.02 	0 	0.997697 	0.000325615 	2.60319e-22
-1501 	37.14 	0 	0.997697 	0.00029766 	7.92411e-23
-1501 	37.26 	0 	0.997697 	0.000324944 	1.19429e-22
-1501 	37.38 	0 	0.997697 	0.000302565 	2.24135e-22
-1501 	37.5 	0 	0.997696 	0.000324671 	-2.55156e-22
-1501 	37.62 	0 	0.997696 	0.000307063 	2.24101e-22
-1501 	37.74 	0 	0.997696 	0.000324769 	1.19393e-22
-1501 	37.86 	0 	0.997696 	0.000311187 	-2.55099e-22
-1501 	37.98 	0 	0.997696 	0.000325207 	3.71315e-23
-1501 	38.1 	0 	0.997695 	0.000314973 	-2.1075e-23
-1501 	38.22 	0 	0.997695 	0.000325953 	-2.54712e-23
-1501 	38.34 	0 	0.997695 	0.000318457 	1.78047e-22
-1501 	38.46 	0 	0.997695 	0.000326973 	-2.12115e-22
-1501 	38.58 	0 	0.997694 	0.000321676 	1.19331e-22
-1501 	38.7 	0 	0.997694 	0.000328234 	3.71146e-23
-1501 	38.82 	0 	0.997694 	0.000324668 	-2.54945e-22
-1501 	38.94 	0 	0.997694 	0.000329701 	2.23915e-22
-1501 	39.06 	0 	0.997694 	0.000327468 	1.19295e-22
-1501 	39.18 	0 	0.997693 	0.000331341 	-1.50506e-22
-1501 	39.3 	0 	0.997693 	0.000330112 	3.05872e-22
-1501 	39.42 	0 	0.997693 	0.000333122 	1.19268e-22
-1501 	39.54 	0 	0.997693 	0.00033263 	7.91221e-23
-1501 	39.66 	0 	0.997692 	0.000335014 	1.1937e-22
-1501 	39.78 	0 	0.997692 	0.000335051 	-1.07598e-22
-1501 	39.9 	0 	0.997692 	0.000336993 	2.01208e-22
-1501 	40.02 	0 	0.997692 	0.000337399 	1.77859e-22
-1501 	40.14 	0 	0.997692 	0.000339036 	-1.07573e-22
-1501 	40.26 	0 	0.997691 	0.000339694 	2.01163e-22
-1501 	40.38 	0 	0.997691 	0.000341128 	3.70753e-23
-1501 	40.5 	0 	0.997691 	0.000341952 	-1.50382e-22
-1501 	40.62 	0 	0.997691 	0.000343253 	3.05619e-22
-1501 	40.74 	0 	0.997691 	0.000344185 	1.19169e-22
-1501 	40.86 	0 	0.99769 	0.000345402 	-1.07525e-22
-1501 	40.98 	0 	0.99769 	0.000346402 	1.77752e-22
-1501 	41.1 	0 	0.99769 	0.000347568 	2.01057e-22
-1501 	41.22 	0 	0.99769 	0.000348609 	1.75172e-23
-1501 	41.34 	0 	0.997689 	0.000349744 	1.77712e-22
-1501 	41.46 	0 	0.997689 	0.00035081 	-1.07484e-22
-1501 	41.58 	0 	0.997689 	0.000351928 	1.19106e-22
-1501 	41.7 	0 	0.997689 	0.00035301 	3.05412e-22
-1501 	41.82 	0 	0.997689 	0.000354117 	-1.50257e-22
-1501 	41.94 	0 	0.997688 	0.000355209 	1.19079e-22
-1501 	42.06 	0 	0.997688 	0.00035631 	1.18901e-22
-1501 	42.18 	0 	0.997688 	0.000357409 	-1.50224e-22
-1501 	42.3 	0 	0.997688 	0.000358504 	2.23444e-22
-1501 	42.42 	0 	0.997688 	0.000359612 	2.0089e-22
-1501 	42.54 	0 	0.997687 	0.0003607 	-1.07412e-22
-1501 	42.66 	0 	0.997687 	0.00036182 	1.77565e-22
-1501 	42.78 	0 	0.997687 	0.000362894 	-1.68857e-22
-1501 	42.9 	0 	0.997687 	0.000364035 	1.19007e-22
-1501 	43.02 	0 	0.997687 	0.000365085 	3.05159e-22
-1501 	43.14 	0 	0.997686 	0.000366259 	-1.50133e-22
-1501 	43.26 	0 	0.997686 	0.000367269 	1.18981e-22
-1501 	43.38 	0 	0.997686 	0.000368499 	2.23292e-22
-1501 	43.5 	0 	0.997686 	0.00036944 	-2.54197e-22
-1501 	43.62 	0 	0.997686 	0.00037076 	2.23259e-22
-1501 	43.74 	0 	0.997685 	0.000371589 	1.18945e-22
-1501 	43.86 	0 	0.997685 	0.000373053 	-2.11397e-22
-1501 	43.98 	0 	0.997685 	0.000373706 	1.77418e-22
-1501 	44.1 	0 	0.997685 	0.000375392 	1.18918e-22
-1501 	44.22 	0 	0.997685 	0.000375774 	-1.68704e-22
-1501 	44.34 	0 	0.997684 	0.000377793 	2.23158e-22
-1501 	44.46 	0 	0.997684 	0.000377771 	-2.54044e-22
-1501 	44.58 	0 	0.997684 	0.00038028 	1.18882e-22
-1501 	44.7 	0 	0.997684 	0.000379671 	2.23107e-22
-1501 	44.82 	0 	0.997684 	0.00038288 	-2.53986e-22
-1501 	44.94 	0 	0.997683 	0.000381441 	1.18855e-22
-1501 	45.06 	0 	0.997683 	0.000385624 	2.23057e-22
-1501 	45.18 	0 	0.997683 	0.000383041 	-1.07234e-22
-1501 	45.3 	0 	0.997683 	0.000388551 	2.5897e-22
-1501 	45.42 	0 	0.997683 	0.000384429 	1.18819e-22
-1501 	45.54 	0 	0.997682 	0.000391702 	-1.0721e-22
-1501 	45.66 	0 	0.997682 	0.000385559 	2.58911e-22
-1501 	45.78 	0 	0.997682 	0.000395121 	-8.66958e-23
-1501 	45.9 	0 	0.997682 	0.000386381 	2.22939e-22
-1501 	46.02 	0 	0.997682 	0.000398854 	2.22923e-22
-1501 	46.14 	0 	0.997681 	0.000386846 	-1.49851e-22
-1501 	46.26 	0 	0.997681 	0.000402947 	2.00406e-22
-1501 	46.38 	0 	0.997681 	0.000386902 	2.22872e-22
-1501 	46.5 	0 	0.997681 	0.000407448 	-2.53387e-23
-1501 	46.62 	0 	0.997681 	0.000386497 	1.76954e-22
-1501 	46.74 	0 	0.99768 	0.000412403 	1.18721e-22
-1501 	46.86 	0 	0.99768 	0.000385579 	-1.0712e-22
-1501 	46.98 	0 	0.99768 	0.000417857 	1.77085e-22
-1501 	47.0617 	0 	0.99768 	0.000384088 	2.00299e-22
-1501 	47.1217 	0 	0.997802 	0.000368237 	-9.86766e-23
-1501 	47.22 	0 	0.997802 	0.00040477 	-3.21378e-23
-1501 	47.34 	0 	0.997802 	0.000366249 	-3.66869e-24
-1501 	47.46 	0 	0.997801 	0.000411005 	4.98672e-23
-1501 	47.58 	0 	0.997801 	0.000364004 	-9.86468e-23
-1501 	47.7 	0 	0.997801 	0.000417455 	-1.64915e-23
-1501 	47.82 	0 	0.997801 	0.000362066 	4.98556e-23
-1501 	47.94 	0 	0.997801 	0.000423584 	-1.6489e-23
-1501 	48.06 	0 	0.997801 	0.000359655 	1.64889e-23
-1501 	48.18 	0 	0.997802 	0.00042122 	-4.98551e-23
-1501 	48.3 	0 	0.997802 	0.000366241 	1.64912e-23
-1501 	48.42 	0 	0.997802 	0.000418448 	9.86448e-23
-1501 	48.54 	0 	0.997803 	0.000372692 	-4.98659e-23
-1501 	48.66 	0 	0.997803 	0.0004158 	-1.83068e-22
-1501 	48.78 	0 	0.997804 	0.000378799 	3.21367e-23
-1501 	48.8783 	0 	0.997804 	0.000413529 	9.86722e-23
-1501 	48.9383 	0 	0.997682 	0.000432848 	-2.0029e-22
-1501 	49.02 	0 	0.997682 	0.000400814 	-1.77075e-22
-1501 	49.14 	0 	0.997683 	0.000431186 	1.07114e-22
-1501 	49.26 	0 	0.997683 	0.000405967 	-1.18714e-22
-1501 	49.38 	0 	0.997684 	0.000430109 	-1.76942e-22
-1501 	49.5 	0 	0.997684 	0.000410613 	2.53369e-23
-1501 	49.62 	0 	0.997685 	0.000429551 	-3.69323e-23
-1501 	49.74 	0 	0.997685 	0.0004148 	-2.00389e-22
-1501 	49.86 	0 	0.997686 	0.000429455 	1.49837e-22
-1501 	49.98 	0 	0.997686 	0.000418575 	-2.22901e-22
-1501 	50.1 	0 	0.997687 	0.000429766 	-2.22916e-22
-1501 	50.22 	0 	0.997687 	0.000421987 	8.66865e-23
-1501 	50.34 	0 	0.997688 	0.00043043 	-2.58881e-22
-1501 	50.46 	0 	0.997688 	0.000425083 	-7.88158e-23
-1501 	50.58 	0 	0.997689 	0.000431395 	-1.18804e-22
-1501 	50.7 	0 	0.997689 	0.000427911 	-2.58935e-22
-1501 	50.82 	0 	0.99769 	0.000432609 	1.07219e-22
-1501 	50.94 	0 	0.99769 	0.000430519 	-2.23025e-22
-1501 	51.06 	0 	0.997691 	0.000434025 	-1.18837e-22
-1501 	51.18 	0 	0.997691 	0.000432948 	2.53947e-22
-1501 	51.3 	0 	0.997692 	0.0004356 	-3.69687e-23
-1501 	51.42 	0 	0.997692 	0.00043524 	-1.18862e-22
-1501 	51.54 	0 	0.997693 	0.000437295 	2.54e-22
-1501 	51.66 	0 	0.997693 	0.000437426 	-2.23117e-22
-1501 	51.78 	0 	0.997694 	0.000439078 	1.68673e-22
-1501 	51.9 	0 	0.997694 	0.000439537 	-1.18895e-22
-1501 	52.02 	0 	0.997695 	0.000440924 	-1.77383e-22
-1501 	52.14 	0 	0.997695 	0.000441594 	2.51616e-23
-1501 	52.26 	0 	0.997696 	0.000442812 	-1.1892e-22
-1501 	52.38 	0 	0.997696 	0.000443615 	-2.2321e-22
-1501 	52.5 	0 	0.997697 	0.000444728 	2.54141e-22
-1501 	52.62 	0 	0.997697 	0.00044561 	-2.23241e-22
-1501 	52.74 	0 	0.997698 	0.000446662 	-1.18953e-22
-1501 	52.86 	0 	0.997698 	0.00044759 	1.50097e-22
-1501 	52.98 	0 	0.997699 	0.000448606 	-1.18801e-22
-1501 	53.1 	0 	0.997699 	0.00044956 	-1.18978e-22
-1501 	53.22 	0 	0.9977 	0.000450555 	1.68814e-22
-1501 	53.34 	0 	0.9977 	0.000451523 	-1.77518e-22
-1501 	53.46 	0 	0.997701 	0.000452508 	1.07383e-22
-1501 	53.58 	0 	0.997701 	0.000453482 	-2.00836e-22
-1501 	53.7 	0 	0.997702 	0.000454461 	-3.70206e-23
-1501 	53.82 	0 	0.997702 	0.000455438 	1.5018e-22
-1501 	53.94 	0 	0.997703 	0.000456415 	-3.05254e-22
-1501 	54.06 	0 	0.997703 	0.000457392 	-1.19044e-22
-1501 	54.18 	0 	0.997704 	0.000458368 	1.50211e-22
-1501 	54.3 	0 	0.997704 	0.000459343 	-3.05317e-22
-1501 	54.42 	0 	0.997705 	0.00046032 	-1.19069e-22
-1501 	54.54 	0 	0.997705 	0.000461294 	-7.90007e-23
-1501 	54.66 	0 	0.997706 	0.000462271 	-1.77654e-22
-1501 	54.78 	0 	0.997706 	0.000463244 	-1.71289e-23
-1501 	54.9 	0 	0.997707 	0.000464221 	-2.00989e-22
-1501 	55.02 	0 	0.997707 	0.000465192 	-1.77691e-22
-1501 	55.14 	0 	0.997708 	0.000466169 	1.07487e-22
-1501 	55.26 	0 	0.997708 	0.00046714 	-1.19127e-22
-1501 	55.38 	0 	0.997709 	0.000468116 	-1.18968e-22
-1501 	55.5 	0 	0.997709 	0.000469087 	1.50326e-22
-1501 	55.62 	0 	0.99771 	0.000470061 	-2.23629e-22
-1501 	55.74 	0 	0.99771 	0.000471033 	-2.01087e-22
-1501 	55.86 	0 	0.997711 	0.000472005 	1.07532e-22
-1501 	55.98 	0 	0.997711 	0.000472978 	-1.77789e-22
-1501 	56.1 	0 	0.997712 	0.000473946 	-2.01129e-22
-1501 	56.22 	0 	0.997712 	0.000474924 	-7.9077e-23
-1501 	56.34 	0 	0.997713 	0.000475885 	6.69436e-23
-1501 	56.46 	0 	0.997713 	0.00047687 	1.07569e-22
-1501 	56.58 	0 	0.997714 	0.000477821 	-1.19218e-22
-1501 	56.7 	0 	0.997714 	0.000478817 	-3.05742e-22
-1501 	56.82 	0 	0.997715 	0.000479753 	1.50441e-22
-1501 	56.94 	0 	0.997715 	0.000480765 	-1.19243e-22
-1501 	57.06 	0 	0.997716 	0.00048168 	-3.70935e-23
-1501 	57.18 	0 	0.997716 	0.000482716 	2.54831e-22
-1501 	57.3 	0 	0.997717 	0.000483603 	-2.23846e-22
-1501 	57.42 	0 	0.997717 	0.00048467 	-1.19276e-22
-1501 	57.54 	0 	0.997718 	0.000485519 	2.12017e-22
-1501 	57.66 	0 	0.997718 	0.000486629 	-1.77962e-22
-1501 	57.78 	0 	0.997719 	0.000487428 	2.54596e-23
-1501 	57.9 	0 	0.997719 	0.000488592 	2.0788e-22
-1501 	58.02 	0 	0.99772 	0.000489329 	-2.23939e-22
-1501 	58.14 	0 	0.997721 	0.000490561 	2.54973e-22
-1501 	58.26 	0 	0.997721 	0.000491223 	-1.19334e-22
-1501 	58.38 	0 	0.997722 	0.000492536 	-2.23986e-22
-1501 	58.5 	0 	0.997722 	0.000493107 	2.55026e-22
-1501 	58.62 	0 	0.997723 	0.000494517 	-2.24017e-22
-1501 	58.74 	0 	0.997723 	0.000494983 	-1.19367e-22
-1501 	58.86 	0 	0.997724 	0.000496505 	1.07718e-22
-1501 	58.98 	0 	0.997724 	0.000496851 	-2.6018e-22
-1501 	59.1 	0 	0.997725 	0.000498498 	-1.19392e-22
-1501 	59.22 	0 	0.997725 	0.00049871 	1.07741e-22
-1501 	59.34 	0 	0.997726 	0.000500498 	-2.60235e-22
-1501 	59.46 	0 	0.997726 	0.00050056 	6.49278e-23
-1501 	59.58 	0 	0.997727 	0.000502505 	-2.01536e-22
-1501 	59.7 	0 	0.997727 	0.0005024 	-2.24157e-22
-1501 	59.82 	0 	0.997728 	0.000504519 	1.50702e-22
-1501 	59.94 	0 	0.997728 	0.000504231 	-2.01577e-22
-1501 	64.7 	0 	0.997753 	0.000589451 	0
-1501 	74.1 	0 	0.997739 	0.00058393 	0
-1501 	83.5 	0 	0.997785 	0.000738725 	0
-1501 	92.9 	0 	0.997782 	0.000744643 	0
-1501 	102.3 	0 	0.997825 	0.000884643 	0
-1501 	111.7 	0 	0.997834 	0.000902337 	0
-1501 	121.1 	0 	0.997875 	0.00102684 	0
-1501 	130.5 	0 	0.997893 	0.00105611 	0
-1501 	139.9 	0 	0.997933 	0.00116497 	0
-1501 	149.3 	0 	0.997959 	0.00120506 	0
-1501 	158.7 	0 	0.997999 	0.00129879 	0
-1501 	168.1 	0 	0.998033 	0.00134823 	0
-1501 	177.5 	0 	0.998074 	0.00142818 	0
-1501 	186.9 	0 	0.998113 	0.00148458 	0
-1501 	196.3 	0 	0.998156 	0.00155318 	0
-1501 	205.7 	0 	0.9982 	0.001613 	0
-1501 	215.1 	0 	0.998245 	0.00167387 	0
-1501 	224.5 	0 	0.998293 	0.00173249 	0
-1501 	233.9 	0 	0.998341 	0.00178939 	0
-1501 	243.3 	0 	0.998391 	0.00184449 	0
-1501 	252.7 	0 	0.998443 	0.00189773 	0
-1501 	262.1 	0 	0.998496 	0.00194907 	0
-1501 	271.5 	0 	0.99855 	0.00199846 	0
-1501 	280.9 	0 	0.998605 	0.00204587 	0
-1501 	290.3 	0 	0.998662 	0.00209126 	0
-1501 	299.7 	0 	0.998719 	0.00213459 	0
-1501 	309.1 	0 	0.998778 	0.00217584 	0
-1501 	318.5 	0 	0.998837 	0.00221497 	0
-1501 	327.9 	0 	0.998898 	0.00225195 	0
-1501 	337.3 	0 	0.998959 	0.00228676 	0
-1501 	346.7 	0 	0.999021 	0.00231939 	0
-1501 	356.1 	0 	0.999084 	0.0023498 	0
-1501 	365.5 	0 	0.999147 	0.00237799 	0
-1501 	374.9 	0 	0.999211 	0.00240394 	0
-1501 	384.3 	0 	0.999276 	0.00242764 	0
-1501 	393.7 	0 	0.999341 	0.00244907 	0
-1501 	403.1 	0 	0.999406 	0.00246824 	0
-1501 	412.5 	0 	0.999471 	0.00248514 	0
-1501 	421.9 	0 	0.999537 	0.00249976 	0
-1501 	431.3 	0 	0.999603 	0.00251211 	0
-1501 	440.7 	0 	0.999669 	0.00252219 	0
-1501 	450.1 	0 	0.999736 	0.00253 	0
-1501 	459.5 	0 	0.999802 	0.00253555 	0
-1501 	468.9 	0 	0.999868 	0.00253886 	0
-1501 	478.3 	0 	0.999934 	0.00253992 	0
-1501 	487.7 	0 	1 	0.00253875 	0
-1501 	497.1 	0 	1.00007 	0.00253537 	0
-1501 	506.5 	0 	1.00013 	0.0025298 	0
-1501 	515.9 	0 	1.0002 	0.00252205 	0
-1501 	525.3 	0 	1.00026 	0.00251214 	0
-1501 	534.7 	0 	1.00032 	0.0025001 	0
-1501 	544.1 	0 	1.00039 	0.00248594 	0
-1501 	553.5 	0 	1.00045 	0.00246969 	0
-1501 	562.9 	0 	1.00051 	0.00245139 	0
-1501 	572.3 	0 	1.00058 	0.00243104 	0
-1501 	581.7 	0 	1.00064 	0.0024087 	0
-1501 	591.1 	0 	1.0007 	0.00238438 	0
-1501 	600.5 	0 	1.00076 	0.00235811 	0
-1501 	609.9 	0 	1.00082 	0.00232994 	0
-1501 	619.3 	0 	1.00087 	0.00229988 	0
-1501 	628.7 	0 	1.00093 	0.00226799 	0
-1501 	638.1 	0 	1.00099 	0.00223429 	0
-1501 	647.5 	0 	1.00104 	0.00219882 	0
-1501 	656.9 	0 	1.0011 	0.00216162 	0
-1501 	666.3 	0 	1.00115 	0.00212272 	0
-1501 	675.7 	0 	1.0012 	0.00208217 	0
-1501 	685.1 	0 	1.00125 	0.00204001 	0
-1501 	694.5 	0 	1.0013 	0.00199627 	0
-1501 	703.9 	0 	1.00135 	0.001951 	0
-1501 	713.3 	0 	1.0014 	0.00190425 	0
-1501 	722.7 	0 	1.00144 	0.00185604 	0
-1501 	732.1 	0 	1.00149 	0.00180644 	0
-1501 	741.5 	0 	1.00153 	0.00175547 	0
-1501 	750.9 	0 	1.00157 	0.00170319 	0
-1501 	760.3 	0 	1.00161 	0.00164963 	0
-1501 	769.7 	0 	1.00165 	0.00159486 	0
-1501 	779.1 	0 	1.00169 	0.0015389 	0
-1501 	788.5 	0 	1.00173 	0.00148181 	0
-1501 	797.9 	0 	1.00176 	0.00142363 	0
-1501 	807.3 	0 	1.0018 	0.00136441 	0
-1501 	816.7 	0 	1.00183 	0.0013042 	0
-1501 	826.1 	0 	1.00186 	0.00124304 	0
-1501 	835.5 	0 	1.00189 	0.00118098 	0
-1501 	844.9 	0 	1.00191 	0.00111807 	0
-1501 	854.3 	0 	1.00194 	0.00105435 	0
-1501 	863.7 	0 	1.00196 	0.000989876 	0
-1501 	873.1 	0 	1.00199 	0.000924695 	0
-1501 	882.5 	0 	1.00201 	0.000858853 	0
-1501 	891.9 	0 	1.00203 	0.0007924 	0
-1501 	901.3 	0 	1.00205 	0.000725384 	0
-1501 	910.7 	0 	1.00206 	0.000657854 	0
-1501 	920.1 	0 	1.00208 	0.000589858 	0
-1501 	929.5 	0 	1.00209 	0.000521445 	0
-1501 	938.9 	0 	1.0021 	0.000452664 	0
-1501 	948.3 	0 	1.00211 	0.000383563 	0
-1501 	957.7 	0 	1.00212 	0.000314193 	0
-1501 	967.1 	0 	1.00213 	0.000244602 	0
-1501 	976.5 	0 	1.00213 	0.000174838 	0
-1501 	985.9 	0 	1.00214 	0.000104952 	0
